   -0.14127741
    0.08918470
    0.08917227
   -0.14117654
    0.33041068
   -0.14123288
    0.33040811
   -0.14120018
   -0.50945644
   -0.50945034
   -0.14108227
    0.08908977
    0.08909053
   -0.14119213
    0.33034833
   -0.14109261
    0.33034728
   -0.14115184
   -0.50945411
   -0.50945288
   -0.14110833
    0.08909730
    0.08913939
   -0.14122196
    0.33039032
   -0.14111471
    0.33039458
   -0.14124677
   -0.50947271
   -0.50947708
   -0.14104951
    0.08904445
    0.08911284
   -0.14118180
    0.33033048
   -0.14107281
    0.33032996
   -0.14116401
   -0.50945179
   -0.50945321
   -0.14119324
    0.08914074
    0.08915437
   -0.14122463
    0.33042174
   -0.14121985
    0.33042507
   -0.14123860
   -0.50951359
   -0.50951488
    0.05916422
    0.05904739
    0.05916039
    0.05904075
   -0.14117525
    0.08909933
    0.08906347
   -0.14109780
    0.33036748
   -0.14118241
    0.33036839
   -0.14110934
   -0.50948696
   -0.50948650
    0.05910120
    0.05909068
    0.05903456
    0.05902555
    0.05909835
    0.05909426
    0.05908929
    0.05909142
   -0.14112360
    0.08912552
    0.08918573
   -0.14125345
    0.33040651
   -0.14114373
    0.33041067
   -0.14128329
   -0.50946736
   -0.50947633
    0.05900762
    0.05900872
    0.10362697
    0.10366994
    0.10388262
    0.10387740
    0.10381736
    0.10369433
    0.10397132
    0.10387714
    0.10369826
    0.10366970
    0.09891465
    0.11023380
    0.11033463
    0.09925807
    0.11023696
    0.09891976
    0.11033976
    0.09928054
    0.10385211
    0.10390883
    0.11024139
    0.09907903
    0.11025195
    0.09910060
    0.11030585
    0.09931762
    0.11031619
    0.09932750
    0.11026547
    0.09911010
    0.11026799
    0.09912182
    0.11024631
    0.09910454
    0.09910643
    0.11024339
    0.10375862
    0.10361590
    0.11034255
    0.09938981
    0.09939430
    0.11033926
