           1           2  0.982541275692501     
           2           3  0.956407501246260     
           3           4  0.982561977842016     
           1           5   1.13898123259991     
           4           5   1.13913327652997     
           2           6  0.982567943419896     
           6           7   1.13900484246933     
           3           8  0.982541170778524     
           7           8   1.13911305967427     
           1           9  0.141103085063881     
           4           9  0.141136280517782     
           5           9   1.60542069348636     
           6          10  0.141105808463568     
           7          10   1.60541888160649     
           8          10  0.141134522360940     
          11          12  0.982518177904286     
          12          13  0.956376052581244     
          13          14  0.982516535244911     
          11          15   1.13910341950147     
          14          15   1.13895351175579     
          12          16  0.982514224241320     
          16          17   1.13908191772426     
          13          18  0.982531828438784     
          17          18   1.13897003959691     
          11          19  0.141136490075954     
          14          19  0.141103101061304     
          15          19   1.60549078863446     
          16          20  0.141132826577969     
          17          20   1.60549464579051     
          18          20  0.141109758897504     
          21          22  0.982542620353523     
          22          23  0.956370620767768     
          23          24  0.982543770790764     
          21          25   1.13917718203520     
          24          25   1.13891882890782     
          22          26  0.982535348174926     
          26          27   1.13918580439380     
          23          28  0.982550552551023     
          27          28   1.13889874521635     
          21          29  0.141142031142586     
          24          29  0.141091811145752     
          25          29   1.60543688149930     
          26          30  0.141146712417458     
          27          30   1.60544544025155     
          28          30  0.141086247429835     
          31          32  0.982490973877270     
          32          33  0.956390507638709     
          33          34  0.982518907456639     
          31          35   1.13916187184578     
          34          35   1.13892716940908     
          32          36  0.982491220754037     
          36          37   1.13914374239613     
          33          38  0.982519467970035     
          37          38   1.13895014493504     
          31          39  0.141138811709363     
          34          39  0.141103189169617     
          35          39   1.60547236419208     
          36          40  0.141131101017143     
          37          40   1.60546795381680     
          38          40  0.141108736118772     
          41          42  0.982572876400958     
          42          43  0.956343418117141     
          43          44  0.982575532271534     
          41          45   1.13905514689660     
          44          45   1.13905388082897     
          42          46  0.982566939382830     
          46          47   1.13904731683548     
          43          48  0.982575707783665     
          47          48   1.13905349283623     
          41          49  0.141116150811021     
          44          49  0.141107334050426     
          45          49   1.60539882778997     
          46          50  0.141114615036933     
          47          50   1.60540567017893     
          48          50  0.141106941904939     
          24          51  0.985903233595748     
           8          52  0.985768269826287     
          16          52  0.985899188816528     
          28          53  0.985879699864161     
           4          54  0.985768291115731     
          11          54  0.985895907680644     
          55          56  0.982525395511641     
          56          57  0.956365725998911     
          57          58  0.982529877795142     
          55          59   1.13898916016296     
          58          59   1.13909593764858     
          56          60  0.982543303241410     
          60          61   1.13897763327649     
          57          62  0.982507003248234     
          61          62   1.13910678272701     
          55          63  0.141107642183025     
          58          63  0.141126140284665     
          59          63   1.60545490001116     
          60          64  0.141100052945589     
          61          64   1.60545600245275     
          62          64  0.141132402330409     
           1          65  0.985811187880659     
          55          65  0.985908672278013     
           6          66  0.985825054652105     
          60          66  0.985890692877713     
          26          67  0.985793968919221     
          62          67  0.985882904816404     
          21          68  0.985793956071263     
          58          68  0.985879796957066     
          14          69  0.985910611723599     
          41          69  0.985810910702381     
          18          70  0.985932677150210     
          46          70  0.985787516089692     
          34          71  0.985944587922767     
          44          71  0.985773054908859     
          38          72  0.985955564992141     
          48          72  0.985762743238640     
          73          74  0.982538255275080     
          74          75  0.956418174869516     
          53          76  0.985877911883058     
          75          76  0.982549579292351     
          73          77   1.13923203461975     
          76          77   1.13892744190776     
          74          78  0.982531092825198     
          78          79   1.13923559562958     
          51          80  0.985855123118944     
          75          80  0.982545328023053     
          79          80   1.13892146767229     
          73          81  0.141146127251447     
          76          81  0.141089330135110     
          77          81   1.60538617613886     
          78          82  0.141147623952542     
          79          82   1.60538732695412     
          80          82  0.141084493997218     
          36          83  0.985886168210144     
          73          83  0.985749178134447     
          31          84  0.985903005669210     
          78          84  0.985731973750648     
           2          85  0.941121506466057     
           3          86  0.941117266169883     
          12          87  0.941152988926355     
          13          88  0.941142759032786     
          22          89  0.941127533745281     
          23          90  0.941148679454328     
          32          91  0.941148108193494     
          33          92  0.941139965520697     
          42          93  0.941123941904512     
          43          94  0.941125525612600     
          51          95  0.948890873694350     
          51          96  0.949064543661209     
          52          97  0.949030578074972     
          52          98  0.948991553802591     
          53          99  0.949064483572777     
          53         100  0.948891282011170     
          54         101  0.949032816808921     
          54         102  0.948993216569145     
          56         103  0.941134481323352     
          57         104  0.941139312663792     
          65         105  0.949056391171426     
          65         106  0.948911224310349     
          66         107  0.949057871953001     
          66         108  0.948914098210550     
          67         109  0.949043000161648     
          67         110  0.948957304679757     
          68         111  0.949041578238582     
          68         112  0.948959575335115     
          69         113  0.949053416428666     
          69         114  0.948917772791604     
          70         115  0.949054806644785     
          70         116  0.948918094616523     
          71         117  0.949052136706086     
          71         118  0.948906021668917     
          72         119  0.948905458371018     
          72         120  0.949052817861308     
          74         121  0.941108262946495     
          75         122  0.941129287079157     
          83         123  0.949035527454067     
          83         124  0.949009106979771     
          84         125  0.949008711467195     
          84         126  0.949037511100755     
