   -0.15260452
    0.10724641
    0.10723367
   -0.15261556
    0.32719019
   -0.15258645
    0.32719011
   -0.15262671
   -0.39753008
   -0.39753227
   -0.15261327
    0.10722618
    0.10724226
   -0.15258829
    0.32718655
   -0.15261258
    0.32718519
   -0.15257635
   -0.39753906
   -0.39753960
   -0.15258582
    0.10722703
    0.10724067
   -0.15255732
    0.32718788
   -0.15259676
    0.32719005
   -0.15256880
   -0.39755765
   -0.39754494
   -0.15261431
    0.10722562
    0.10724779
   -0.15258791
    0.32718230
   -0.15265131
    0.32718949
   -0.15259196
   -0.39753968
   -0.39751958
   -0.15256343
    0.10723462
    0.10723477
   -0.15257338
    0.32719173
   -0.15257549
    0.32718989
   -0.15256642
   -0.39755368
   -0.39755526
    0.07308079
    0.07308486
    0.07308105
    0.07308384
   -0.15258316
    0.10723729
    0.10723089
   -0.15260026
    0.32718654
   -0.15258682
    0.32718698
   -0.15259604
   -0.39754015
   -0.39754342
    0.07308235
    0.07307962
    0.07308730
    0.07308495
    0.07308368
    0.07308329
    0.07308225
    0.07308241
   -0.15261041
    0.10722473
    0.10725212
   -0.15257413
    0.32718682
   -0.15265023
    0.32719286
   -0.15258198
   -0.39754653
   -0.39752320
    0.07308534
    0.07308583
    0.03369357
    0.03371111
    0.03372149
    0.03369797
    0.03368405
    0.03366647
    0.03373808
    0.03370682
    0.03365820
    0.03365840
    0.03692149
    0.12457418
    0.12445926
    0.03709100
    0.12457740
    0.03691603
    0.12445612
    0.03710187
    0.03369581
    0.03370250
    0.12453480
    0.03698059
    0.12453158
    0.03699278
    0.12448943
    0.03703644
    0.12448941
    0.03704152
    0.12454444
    0.03695858
    0.12454591
    0.03695890
    0.12454934
    0.03695649
    0.03696161
    0.12454648
    0.03372055
    0.03368237
    0.12442086
    0.03715153
    0.03714810
    0.12442308
