           1           2  0.990672268462704     
           2           3  0.952546189049622     
           3           4  0.990686585376723     
           1           5   1.09939350227280     
           4           5   1.09944244432775     
           2           6  0.990690723950849     
           6           7   1.09941333171922     
           3           8  0.990667802968194     
           7           8   1.09942703132040     
           1           9  0.145999976934368     
           4           9  0.146014143643054     
           5           9   1.69048225814438     
           6          10  0.146004359453973     
           7          10   1.69047771522409     
           8          10  0.146010383257089     
          11          12  0.990678608681429     
          12          13  0.952539399604895     
          13          14  0.990678955031902     
          11          15   1.09945066145690     
          14          15   1.09939728030000     
          12          16  0.990677707443753     
          16          17   1.09944855374572     
          13          18  0.990689119530146     
          17          18   1.09940181860322     
          11          19  0.146014123192708     
          14          19  0.145997953924530     
          15          19   1.69046865296674     
          16          20  0.146012554580499     
          17          20   1.69046565515775     
          18          20  0.146001502391403     
          21          22  0.990689245706855     
          22          23  0.952525611178036     
          23          24  0.990695250300899     
          21          25   1.09944800904105     
          24          25   1.09941489941641     
          22          26  0.990688511009251     
          26          27   1.09943505655507     
          23          28  0.990692228661814     
          27          28   1.09940401755780     
          21          29  0.146008193265896     
          24          29  0.145998632588672     
          25          29   1.69044614720940     
          26          30  0.146007670289513     
          27          30   1.69046992620525     
          28          30  0.145996578823719     
          31          32  0.990680714016772     
          32          33  0.952547474268390     
          33          34  0.990676019064514     
          31          35   1.09946868941326     
          34          35   1.09938955527523     
          32          36  0.990664074089227     
          36          37   1.09943509991006     
          33          38  0.990684756560304     
          37          38   1.09939034581805     
          31          39  0.146021039105966     
          34          39  0.145996499483209     
          35          39   1.69046061311053     
          36          40  0.146013184836888     
          37          40   1.69049600534657     
          38          40  0.146003663626029     
          41          42  0.990702755058630     
          42          43  0.952520515584878     
          43          44  0.990689478428099     
          41          45   1.09942451917127     
          44          45   1.09942341866898     
          42          46  0.990688562398381     
          46          47   1.09942325009791     
          43          48  0.990701808404979     
          47          48   1.09942735374234     
          41          49  0.146002841027908     
          44          49  0.146000569945340     
          45          49   1.69045806583840     
          46          50  0.145999295134600     
          47          50   1.69045521520428     
          48          50  0.146002014802523     
          24          51  0.991201557842473     
           8          52  0.991176583677384     
          16          52  0.991178420011754     
          28          53  0.991191828001901     
           4          54  0.991175378599298     
          11          54  0.991178799363355     
          55          56  0.990681900882185     
          56          57  0.952534946368313     
          57          58  0.990688232710270     
          55          59   1.09942538582510     
          58          59   1.09942010456156     
          56          60  0.990688884961293     
          60          61   1.09941974276065     
          57          62  0.990678550324886     
          61          62   1.09943097913593     
          55          63  0.146006312471805     
          58          63  0.146004576042255     
          59          63   1.69046828265269     
          60          64  0.146001281201170     
          61          64   1.69046365003192     
          62          64  0.146009812580967     
           1          65  0.991187950939119     
          55          65  0.991194564481824     
           6          66  0.991194074857220     
          60          66  0.991185878344927     
          26          67  0.991176497017201     
          62          67  0.991196106034880     
          21          68  0.991185519460286     
          58          68  0.991186406448891     
          14          69  0.991197387470570     
          41          69  0.991193310777826     
          18          70  0.991209669828793     
          46          70  0.991182035907859     
          34          71  0.991206964521225     
          44          71  0.991183689212518     
          38          72  0.991201736062755     
          48          72  0.991187928353689     
          73          74  0.990688537866637     
          74          75  0.952543770400919     
          53          76  0.991208220502408     
          75          76  0.990676591579204     
          73          77   1.09947358517140     
          76          77   1.09938844813049     
          74          78  0.990661640916647     
          78          79   1.09944447325318     
          51          80  0.991197466505275     
          75          80  0.990694076482072     
          79          80   1.09937765344522     
          73          81  0.146020250002867     
          76          81  0.145994784654946     
          77          81   1.69045442359341     
          78          82  0.146015286638649     
          79          82   1.69049635688939     
          80          82  0.145996737859113     
          36          83  0.991160860149359     
          73          83  0.991179962308244     
          31          84  0.991187973172809     
          78          84  0.991152683917065     
           2          85  0.947181126850660     
           3          86  0.947185601995731     
          12          87  0.947189124795047     
          13          88  0.947183214989393     
          22          89  0.947182863262529     
          23          90  0.947178271712642     
          32          91  0.947191417848473     
          33          92  0.947183563370261     
          42          93  0.947177804449596     
          43          94  0.947177752286230     
          51          95  0.955608308579427     
          51          96  0.942307215605088     
          52          97  0.942343632332485     
          52          98  0.955691878491612     
          53          99  0.942305590270094     
          53         100  0.955606555354227     
          54         101  0.942345872023266     
          54         102  0.955694519476056     
          56         103  0.947183506688073     
          57         104  0.947185392924574     
          65         105  0.942317355525712     
          65         106  0.955639351804103     
          66         107  0.942320664773103     
          66         108  0.955643030821602     
          67         109  0.942338289581526     
          67         110  0.955660534673709     
          68         111  0.942338763490366     
          68         112  0.955662232511133     
          69         113  0.942319995915701     
          69         114  0.955624036786780     
          70         115  0.942318558598058     
          70         116  0.955623802147495     
          71         117  0.942315800438690     
          71         118  0.955625036216712     
          72         119  0.955626433397164     
          72         120  0.942316815660482     
          74         121  0.947188801107850     
          75         122  0.947178659465110     
          83         123  0.942357127291889     
          83         124  0.955719903604100     
          84         125  0.955718656714445     
          84         126  0.942355620866460     
